996560
2089300
1948980
394690
476400
567040
1420710
343050
322330
407530
380870
108600
1963720
445400
541200
581330
1120480
1066780
1118310
1623070
1874900
1664300
1324780
780290
1890870
574180
1141420
864060
2547330
439660
736820
2114790
723390
1296770
774961
1635450
1239080
2131400
1493710
1818180
1652070
906940
443030
440900
250820
2214780
714010
604540
304930
1049410
739590
376210
412680
1739300
1328350
882430
258550
1169040
1042380
424030
1094780
496240
754150
294100
1118200
881100
780310
635260
603850
464360
362890
365450
563560
232130
1690800
232090
294420
710560
570
1042420
728470
960750
2379510
1449070
573090
736220
333640
293030
622970
238430
1269930
1736750
1045940
2212330
1358710
393380
1999160
4020
4000
1519140
1084160
2407300
1169370
2231050
1247090
530870
1892930
1715280
1094520
1362540
951440
1611600
403240
884110
297920
1949740
2406780
931180
440000
1639880
600480
589290
602700
1424230
824360
1279510
1275530
1316480
1011850
2158860
334920
1340180
1905470
1560250
1281930
555160
1511630
763890
1164850
329970
1012110
1136190
1050280
1189160
371970
336400
321360
1440670
365960
435150
602960
2103230
896660
1863440
629800
1227690
1665030
885570
274900
434520
1944670
1948990
1653970
1651680
1024890
451600
381020
354060
2119270
1269150
503560
539470
301650
383840
2133980
1980920
562430
1380950
1970580
2179340
1614550
1617130
869480
2259140
1722130
1486630
1177100
2531580
519860
726840
1606490
806670
1669000
2465200
2414480
90
1007
4940
111710
220070
222840
228780
237410
276060
298740
311410
312070
313600
317800
320850
329740
332510
335130
338440
339010
349090
361580
367970
369630
374980
376030
377610
378670
382280
393250
402370
405100
407480
416880
419790
423410
426660
429400
443050
447760
449740
450980
453420
460040
460320
462310
463280
463300
475370
485250
489650
490500
523390
526340
548400
549990
550790
553650
556450
559440
559480
562720
563930
564390
565060
582320
582400
587020
598010
598850
604100
609870
612940
616940
619960
628300
630230
633290
638100
643090
668390
673990
677100
679600
680020
680870
685100
689410
689780
696120
696640
704980
713970
730810
746200
748090
761080
762880
764860
764940
770340
774061
774771
805140
817300
824240
844410
844650
848490
859010
869800
881430
897590
916110
920720
928530
944490
945970
947870
950290
965690
974130
988950
1003980
1006030
1010510
1026340
1035540
1047650
1064780
1071470
1075180
1084900
1086950
1088320
1098260
1099850
1110390
1129070
1136460
1149520
1170680
1204170
1222650
1223310
1279430
1280020
1292030
1292350
1301040
1303430
1307050
1315990
1348640
1375660
1377020
1382420
1404690
1405890
1413700
1418640
1420480
1427490
1433270
1460560
1475910
1480080
1502300
1503660
1521830
1534710
1549820
1573820
1602470
1612490
1624070
1653130
1670340
1680420
1686460
1750680
1757500
1815810
1827320
1827330
1829350
1830410
1850780
1865350
1899880
1899970
1900210
1911970
1932270
1936830
1948160
1956500
1958150
1964150
1978930
1992220
1998610
2058450
2069670
2093570
2101160
2138530
2160300
2181210
2192110
2192940
2200460
2208380
2232430
2239530
2246720
2260500
2292470
2293960
2306520
2318990
2320610
2329680
2342570
2353090
2392470
2440790
2570570
2580320
2077180
740810
418460
244850
1325470
904710
105600
362620
2587780
17740
552620
866510
1157700
1522280
480
2537260
346110
834910
252490
736590
40960
1754720
440
718670
900270
774351
570950
1483870
821060
1818190
1861610
400300
606710
621060
281990
2384600
600760
544550
1006710
1176470
1751640
1521580
2212830
489630
1584690
2345040
1995300
647980
1144510
1782380
1955160
1379630
489380
2090230
607260
670260
647960
420930
1013040
1017070
1328490
576770
1222300
757780
404530
1336240
1102930
1196080
1391110
1070560
1105670
805270
1138260
7
40980
1751270
2125160
460540
2137090
684130
624970
711980
453090
1718430
887570
808100
2224170
445220
1948280
1282290
763100
979560
1699670
1224290
690370
280790
397680
944330
747200
962380
1011610
2311890
836850
886200
811320
520010
232250
530890
222860
1577620
2412700
2261800
967390
671610
17580
2424560
611300
1694450
311260
907650
606230
628770
1090670
1408930
616720
569480
1058710
1201940
691190
1504220
1559880
754850
1883840
1158420
535490
1600660
818620
605760
225840
1711610
629540
774781
1106840
660940
414120
257420
1144860
1146010
1281150
494840
931580
317670
224260
823350
1041860
541300
1286120
1196470
1563480
2497680
457210
572620
1157220
783210
667530
1617710
734290
2419940
1003730
228380
370070
997560
1471180
606280
1188930
346120
349110
333950
2452110
954010
257510
1875500
2002440
999190
232890
1154040
812040
1468720
552100
803050
1253860
1338040
1205520
1163740
581740
346330
342870
838410
1293540
1100500
513510
598330
581910
960690
1370850
1444650
644930
1145520
1352480
2392880
1807930
1158470
2138290
1130410
1173650
512900
393420
2347830
218410
1416260
1847600
455980
1875720
2181710
1189750
1274540
791400
39510
1699020
2453880
1620340
1532190
465200
1102190
287980
732400
1383160
39540
514340
2473030
1713810
1608560
17570
1280590
717190
454350
357340
324680
4920
225600
357310
446800
230190
979120
1792250
456670
718850
558990
377300
222880
416680
65540
646570
447820
233860
564310
311210
355180
1076750
614890
657730
2102150
1337300
1231970
717990
1801280
2191270
731420
590950
696370
573490
1460510
600610
1127460
807850
774541
880750
1509420
503010
1794620
722670
1696170
1401870
1481590
1674890
1362640
1017410
1207050
504050
724470
1013960
1138100
926860
1014460
716490
2370840
1197960
1101270
1965180
803280
740
950900
749070
743960
1469450
205
215
218
310
17500
17505
17515
17520
17525
17535
17555
17575
17585
17705
41080
55280
203290
203300
208050
227040
227050
228980
229830
232290
232330
232370
237870
238690
244310
249630
251810
252390
255470
261140
263060
265360
266910
273530
282440
287860
295230
296300
299310
299740
300260
302200
313900
319350
324090
324870
324890
325180
326960
328070
328950
329130
329710
332670
332850
344320
346570
346680
366360
368690
381690
382030
383410
395760
405710
406800
414570
431450
437550
461680
517510
525640
529180
530700
532170
541790
563380
568880
569720
574390
581460
590720
591690
617720
625100
626680
638490
661650
664140
665920
666930
667230
672220
672490
685720
686260
693060
705150
705530
723520
724070
737430
739120
751930
754480
778030
799100
801230
807550
808160
825190
848830
889040
912290
925880
937040
949910
951210
958670
983360
985720
1007950
1026530
1053270
1059300
1073780
1126850
1162420
1171790
1180760
1269760
1284600
1300480
1329740
1335700
1339620
1340510
1367680
1376170
1425710
1427700
1459100
1470590
1472980
1500480
1523900
1527640
1707030
1709650
1752690
1757540
1845030
1965170
2071060
2153600
2156010
2164830
2273220
1418570
683770
1758280
1134150
418480
440090
443600
452820
460300
486940
496520
511390
516860
530300
545990
550140
552180
552440
567320
568660
578310
583490
600460
601370
601400
618270
620110
621240
638500
640800
652460
660470
667490
674010
679650
688610
705380
711970
721740
743490
747850
750710
756760
768130
786320
1632330
905380
979710
1033140
805210
823850
833950
839510
842250
850910
865990
869060
880770
881600
886440
888520
907680
915070
919670
930600
934710
947540
950080
955080
967130
976380
976950
976970
983780
983820
985050
996600
1006890
1013060
1013790
1014550
1022780
1023410
1023620
1038000
1041310
1043030
1045400
1061710
1064320
1075820
1086350
1090700
1098560
1111260
1119550
1125480
1136510
1141390
1155090
1156550
1158510
1185030
1198230
1861290
2184130
1260310
1203110
1205750
1207110
1215190
1239120
1250240
1255430
1262960
1277220
1281400
1303570
1312810
1316470
1318090
1339270
1340500
1356780
1370890
1388080
1394510
1398130
1398290
1420170
1425770
1428410
1446220
1463350
1472090
1479670
1484960
1541810
1571010
1574660
1580130
1588840
1598000
1603250
1657720
1739540
1751450
1790530
1808740
1810100
1821720
1822380
1827750
1833210
1835590
1842030
1911460
1915470
1918500
2000200
2003350
2065960
2080940
2105280
2150040
2180200
2188220
2227400
2229100
2286480
2323830
2323970
2395880
2321190
1566010
5
1514340
1356770
1909760
1452120
503590
1123920
1361160
575
313250
